#Limits from https://arxiv.org/abs/2406.11949
#Updated to match Erratum (limits from Fig. S4)
1.594136987728893e-19 2.62552679087491e-9
4.502112685103844e-19 3.387411197733787e-8
7.6565478313675005e-19 9.064188318819305e-8
1.18993399505169e-18 2.1743747740658762e-7
2.278291907400554e-18 7.969139845458335e-7
6.224791732237873e-18 0.000005785666868532083
1.569014145238989e-17 0.00004087959078537531
2.8445271989341647e-17 0.00018655108058064247
4.030071105414861e-17 0.0006049860115891809
5.011957325757727e-17 0.0012321989365218892
6.533781747566531e-17 0.015292942855740486
7.822042512413589e-17 0.07083773019529893
1.0245353726933777e-16 1.0081695958715693
