#Limits from https://arxiv.org/abs/2406.11949
#Updated to match Erratum (limits from Fig. S4)
1.5753704783471232e-19 1.2885217184405069e-8
3.5722204988758345e-19 1.9601386049659953e-7
5.173504356705963e-19 4.5424663336374077e-7
9.84350799837152e-19 0.000001842872131283646
1.7324174278651757e-18 0.000008376113830925877
3.2012471931315304e-18 0.00005334823341987328
6.714479193257341e-18 0.00037971178097215107
1.1589090903004519e-17 0.0013779887363930881
1.7282013615716826e-17 0.004475940052627428
2.326456154687425e-17 0.011139317091485823
3.8431230501988725e-17 0.29050410536529575
4.67025264102455e-17 1.000790157227279
2.49679394673659e-16 1.0227887271401448
