#Limits from https://arxiv.org/abs/2406.11949
#Updated to match Erratum (limits from Fig. S4)
1.590799724060942e-19 0.0000012007675032403602
2.4907176693732907e-19 0.000007663313879759575
3.6072069789315763e-19 0.000023536707386900605
5.327006563035012e-19 0.00006831348094050921
8.10016403632064e-19 0.0001770851432373685
9.915725640018051e-19 0.00029744552521880163
1.371087724061037e-18 0.0007611526666042364
1.8729016742473056e-18 0.0018674638543188288
2.4846561794323662e-18 0.004583402193161366
4.044888106691744e-18 0.01998945400956994
7.924465962305554e-18 0.13271388518461086
1.2407349017056739e-17 0.4072220050855678
1.583066303806754e-17 0.743932863620915
2.705847632732324e-17 1.0074942148274817
2.4846561794323863e-16 1.0085457729205125
